============================================================================================================================
MODEL 01.0-C3.6-B — PAIRED TEMPORAL ROBUSTNESS
============================================================================================================================

STATUS                              : PASS
PRIMARY METRIC                      : Average Precision
BASELINE                            : K=0
MONTHS                              : 17
ALTERNATIVE K                       : 13

OBSERVED PAIRED EVIDENCE
----------------------------------------------------------------------------------------------------------------------------
 k  mean_delta_ap  median_delta_ap  months_better_than_k0  months_worse_than_k0  better_month_pct
 1      -0.012185        -0.002149                      7                    10         41.176471
 2      -0.012844        -0.007536                      6                    11         35.294118
 3      -0.013350        -0.005167                      6                    11         35.294118
 4      -0.015663        -0.006300                      4                    13         23.529412
 5      -0.013892        -0.006267                      4                    13         23.529412
 6      -0.013222        -0.006641                      4                    13         23.529412
10      -0.014051        -0.008548                      4                    13         23.529412
15      -0.015422        -0.008505                      4                    13         23.529412
20      -0.015556        -0.007855                      4                    13         23.529412
23      -0.015306        -0.007282                      4                    13         23.529412
25      -0.014605        -0.007706                      5                    12         29.411765
27      -0.014160        -0.007748                      4                    13         23.529412
30      -0.013712        -0.008160                      6                    11         35.294118

CONTIGUOUS DELETION SENSITIVITY
----------------------------------------------------------------------------------------------------------------------------
 k  removed_width  min_mean_delta_after_deletion  max_mean_delta_after_deletion  positive_mean_cases  deletion_cases
 1              1                      -0.013946                      -0.007938                    0              17
 1              2                      -0.014971                      -0.004277                    0              16
 1              3                      -0.016205                      -0.004892                    0              15
 2              1                      -0.015448                      -0.008988                    0              17
 2              2                      -0.016549                      -0.005828                    0              16
 2              3                      -0.017779                      -0.005112                    0              15
 3              1                      -0.016104                      -0.009440                    0              17
 3              2                      -0.017231                      -0.006310                    0              16
 3              3                      -0.018418                      -0.005435                    0              15
 4              1                      -0.018528                      -0.012108                    0              17
 4              2                      -0.019851                      -0.009382                    0              16
 4              3                      -0.021127                      -0.008513                    0              15
 5              1                      -0.016608                      -0.010229                    0              17
 5              2                      -0.017972                      -0.007276                    0              16
 5              3                      -0.019202                      -0.006141                    0              15
 6              1                      -0.015856                      -0.009525                    0              17
 6              2                      -0.017124                      -0.006603                    0              16
 6              3                      -0.018385                      -0.005359                    0              15
10              1                      -0.016789                      -0.010318                    0              17
10              2                      -0.018080                      -0.007444                    0              16
10              3                      -0.019498                      -0.006186                    0              15
15              1                      -0.018137                      -0.011872                    0              17
15              2                      -0.019502                      -0.008964                    0              16
15              3                      -0.020925                      -0.007961                    0              15
20              1                      -0.018173                      -0.012171                    0              17
20              2                      -0.019557                      -0.009419                    0              16
20              3                      -0.021022                      -0.008330                    0              15
23              1                      -0.017863                      -0.011929                    0              17
23              2                      -0.019286                      -0.009031                    0              16
23              3                      -0.020681                      -0.007875                    0              15
25              1                      -0.017157                      -0.011287                    0              17
25              2                      -0.018521                      -0.008322                    0              16
25              3                      -0.019846                      -0.007162                    0              15
27              1                      -0.016637                      -0.010758                    0              17
27              2                      -0.018042                      -0.007852                    0              16
27              3                      -0.019320                      -0.006679                    0              15
30              1                      -0.016274                      -0.010218                    0              17
30              2                      -0.017644                      -0.007477                    0              16
30              3                      -0.018964                      -0.006307                    0              15

CIRCULAR BLOCK BOOTSTRAP + MAX-T
----------------------------------------------------------------------------------------------------------------------------
 block_length_months  k  observed_mean_delta_ap  simultaneous_ci95_lower  simultaneous_ci95_upper  adjusted_p_functional_improvement  adjusted_p_k0_superiority simultaneous_classification
                   2  1               -0.012185                -0.027872                 0.003503                           0.968602                   0.082246                INCONCLUSIVE
                   2  2               -0.012844                -0.029663                 0.003975                           0.966202                   0.085996                INCONCLUSIVE
                   2  3               -0.013350                -0.029515                 0.002814                           0.974201                   0.068397                INCONCLUSIVE
                   2  4               -0.015663                -0.032199                 0.000874                           0.985601                   0.042098                INCONCLUSIVE
                   2  5               -0.013892                -0.029669                 0.001886                           0.980101                   0.054497                INCONCLUSIVE
                   2  6               -0.013222                -0.029371                 0.002927                           0.973401                   0.070296                INCONCLUSIVE
                   2 10               -0.014051                -0.030087                 0.001984                           0.979751                   0.055547                INCONCLUSIVE
                   2 15               -0.015422                -0.031991                 0.001147                           0.984451                   0.045798                INCONCLUSIVE
                   2 20               -0.015556                -0.031503                 0.000390                           0.987351                   0.037548                INCONCLUSIVE
                   2 23               -0.015306                -0.031824                 0.001212                           0.984051                   0.046598                INCONCLUSIVE
                   2 25               -0.014605                -0.031079                 0.001868                           0.980651                   0.053147                INCONCLUSIVE
                   2 27               -0.014160                -0.030471                 0.002151                           0.978801                   0.057097                INCONCLUSIVE
                   2 30               -0.013712                -0.030198                 0.002774                           0.974701                   0.066797                INCONCLUSIVE
                   3  1               -0.012185                -0.027784                 0.003414                           0.965252                   0.083896                INCONCLUSIVE
                   3  2               -0.012844                -0.030526                 0.004838                           0.956452                   0.102145                INCONCLUSIVE
                   3  3               -0.013350                -0.029997                 0.003296                           0.968102                   0.076546                INCONCLUSIVE
                   3  4               -0.015663                -0.032971                 0.001646                           0.979901                   0.050297                INCONCLUSIVE
                   3  5               -0.013892                -0.030446                 0.002662                           0.972901                   0.065697                INCONCLUSIVE
                   3  6               -0.013222                -0.030277                 0.003833                           0.964802                   0.085746                INCONCLUSIVE
                   3 10               -0.014051                -0.030934                 0.002831                           0.971901                   0.067447                INCONCLUSIVE
                   3 15               -0.015422                -0.032864                 0.002021                           0.977851                   0.054897                INCONCLUSIVE
                   3 20               -0.015556                -0.032433                 0.001320                           0.981501                   0.047198                INCONCLUSIVE
                   3 23               -0.015306                -0.032880                 0.002269                           0.976451                   0.057847                INCONCLUSIVE
                   3 25               -0.014605                -0.032168                 0.002957                           0.971901                   0.067597                INCONCLUSIVE
                   3 27               -0.014160                -0.031539                 0.003219                           0.969702                   0.072246                INCONCLUSIVE
                   3 30               -0.013712                -0.031242                 0.003818                           0.965602                   0.083546                INCONCLUSIVE
                   4  1               -0.012185                -0.028336                 0.003967                           0.957002                   0.091145                INCONCLUSIVE
                   4  2               -0.012844                -0.031306                 0.005617                           0.944103                   0.113444                INCONCLUSIVE
                   4  3               -0.013350                -0.030500                 0.003800                           0.960752                   0.083396                INCONCLUSIVE
                   4  4               -0.015663                -0.033772                 0.002447                           0.973401                   0.061497                INCONCLUSIVE
                   4  5               -0.013892                -0.031145                 0.003362                           0.963802                   0.076646                INCONCLUSIVE
                   4  6               -0.013222                -0.031175                 0.004731                           0.953352                   0.096845                INCONCLUSIVE
                   4 10               -0.014051                -0.031679                 0.003576                           0.962752                   0.078846                INCONCLUSIVE
                   4 15               -0.015422                -0.033686                 0.002843                           0.970051                   0.065447                INCONCLUSIVE
                   4 20               -0.015556                -0.033261                 0.002148                           0.974951                   0.058647                INCONCLUSIVE
                   4 23               -0.015306                -0.033846                 0.003234                           0.967452                   0.070446                INCONCLUSIVE
                   4 25               -0.014605                -0.033127                 0.003916                           0.962302                   0.080896                INCONCLUSIVE
                   4 27               -0.014160                -0.032438                 0.004119                           0.960102                   0.084496                INCONCLUSIVE
                   4 30               -0.013712                -0.032137                 0.004713                           0.955002                   0.094695                INCONCLUSIVE

SYNTHESIS
----------------------------------------------------------------------------------------------------------------------------
All mean delta AP < 0               : True
All median delta AP < 0             : True
All deletion scenarios stay < 0     : True
Any functional simultaneous win     : False
Robust functional-superior K        : []
Robust K0-superior K                : []
Secondary mean benefits <= 0        : True

DECISION CANDIDATE                  : K0_READY_FOR_FORMAL_FREEZE_MODEL01

IMPORTANT
----------------------------------------------------------------------------------------------------------------------------
Final K frozen                     : NO
Threshold selected                 : NO
New classifier trained             : NO
PCA refit                          : NO
Silver created                     : NO
RAW modified                       : NO

Validation failures                : 0
Runtime seconds                    : 0.431
============================================================================================================================